3
vibro-rotational input
H      -0.75800600      0.56457400      0.00000000
O       0.00000000     -0.07114700      0.00000000
H       0.75800600      0.56457400      0.00000000

representation = Ir
linear = False
project_TR = True
normalization = mass-weighted

masses_amu [
     1      1.00782504
     2     15.99491460
     3      1.00782504
]

freq_cm1 [
     1    -42.81274235
     2   2190.49800689
     3   3445.90439467
]

MODE 1
    1  7.07106781e-01 -2.07611706e-14  7.79633719e-17
    2  1.87329868e-14 -3.14583408e-14 -2.42636036e-17
    3 -7.07106781e-01  4.41445059e-15 -4.03275912e-17
ENDMODE

MODE 2
    1 -5.22794850e-01  4.38455190e-01  2.32036879e-16
    2  2.62459868e-01  2.12229671e-16  7.52385643e-17
    3 -5.22794850e-01 -4.38455190e-01  1.40833750e-16
ENDMODE

MODE 3
    1 -3.98088767e-17 -6.66365187e-01 -1.75025859e-16
    2 -3.82169483e-16  3.34536805e-01  5.26449488e-17
    3  4.89430982e-16 -6.66365187e-01  1.09183755e-16
ENDMODE

