6

beq
9.7442582  1.3384530 1.1768087  

en_d2q
      1       1   0.67253500E-01
      2       2   0.71484666E-01
      3       3   0.10533579E+00
      4       4   0.15257599E+00
      5       5   0.37985081E+00
      6       6   0.39790202E+00

en_d3q
      3       1       1  -0.11723323E-01
      3       2       2   0.22081529E-01
      3       3       3  -0.14347342E-01
      4       1       1   0.42833765E-02
      4       2       2   0.27724810E-02
      4       3       3   0.27405942E-01
      4       4       3   0.33992343E-01
      4       4       4   0.17801478E+00
      5       1       1   0.85746765E-01
      5       2       2   0.64471128E-01
      5       3       3   0.29072288E-01
      5       4       3  -0.18656725E-01
      5       4       4   0.26201340E-01
      5       5       3  -0.86761804E-03
      5       5       4  -0.31121710E-03
      5       5       5  -0.83664320E+00
      6       3       2   0.59014946E-01
      6       4       2  -0.45271495E-01
      6       5       2  -0.64448771E-02
      6       6       3   0.59020561E-01
      6       6       4  -0.47340269E-01
      6       6       5  -0.90576593E+00

en_d4q
      1       1       1       1   0.74330537E-01
      1       1       2       2   0.17109348E-01
      1       1       3       3   0.83826950E-02
      1       1       4       3  -0.93148768E-02
      1       1       4       4  -0.91239513E-02
      1       1       5       3   0.15805155E-01
      1       1       5       4  -0.17164132E-01
      1       1       5       5  -0.35293936E+00
      1       1       6       2  -0.19460287E-02
      1       1       6       6  -0.42389703E+00
      2       2       1       1   0.17109348E-01
      2       2       2       2   0.55480502E-01
      2       2       3       3   0.31042010E-01
      2       2       4       3  -0.16654969E-01
      2       2       4       4   0.15313268E-03
      2       2       5       3  -0.29970296E-01
      2       2       5       4  -0.68029362E-02
      2       2       5       5  -0.28584420E+00
      2       2       6       2  -0.27019928E-01
      2       2       6       6  -0.30584198E+00
      3       3       1       1   0.83826950E-02
      3       3       2       2   0.31042010E-01
      3       3       3       3   0.10371486E-01
      3       3       4       3  -0.78345325E-02
      3       3       4       4   0.14698234E-01
      3       3       5       3   0.22119003E-01
      3       3       5       4  -0.23368693E-01
      3       3       5       5  -0.24545240E+00
      3       3       6       2   0.16164705E-01
      3       3       6       6  -0.33078317E+00
      4       4       1       1  -0.91239513E-02
      4       4       2       2   0.15313268E-03
      4       4       3       3   0.14698234E-01
      4       4       4       3   0.40729269E-01
      4       4       4       4   0.19633867E+00
      4       4       5       3   0.17368664E-01
      4       4       5       4   0.18912227E-01
      4       4       5       5  -0.57634959E-01
      4       4       6       2   0.31248485E-02
      4       4       6       6  -0.10592512E+00
      5       5       1       1  -0.35293936E+00
      5       5       2       2  -0.28584420E+00
      5       5       3       3  -0.24545240E+00
      5       5       4       3   0.12155292E+00
      5       5       4       4  -0.57634959E-01
      5       5       5       3  -0.44187769E-03
      5       5       5       4   0.39553799E-02
      5       5       5       5   0.15818424E+01
      5       5       6       2   0.14496890E-01
      5       5       6       6   0.17652625E+01
      6       6       1       1  -0.42389703E+00
      6       6       2       2  -0.30584198E+00
      6       6       3       3  -0.33078317E+00
      6       6       4       3   0.17018194E+00
      6       6       4       4  -0.10592512E+00
      6       6       5       3  -0.94936319E-01
      6       6       5       4   0.46732959E-01
      6       6       5       5   0.17652625E+01
      6       6       6       2  -0.10453187E+00
      6       6       6       6   0.19264856E+01

coriolis
   x       2       3   0.21047179E+00
   x       2       4   0.33667902E+00
   x       2       5   0.91779565E+00
   x       3       6   0.89447738E+00
   x       4       6  -0.44515244E+00
   x       5       6  -0.41827137E-01
   y       1       3   0.64927760E+00
   y       1       4  -0.55574859E+00
   y       1       5  -0.51921297E+00
   z       1       2  -0.52698568E+00
   z       1       6  -0.84987417E+00

mu_0
     -0.51758655E-15  -0.72476728E-15  -0.11342100E+01

mu_d1q
      1   0.39073235E-01  -0.10908842E-14  -0.65543827E-15
      2   0.15555387E-15  -0.14194993E+00   0.32770934E-15
      3   0.83837407E-16   0.54077983E-15   0.10167217E+00
      4   0.22078037E-15   0.30433156E-15   0.41395156E+00
      5   0.50048542E-16  -0.10951457E-13   0.23908684E+00
      6   0.62541520E-16  -0.33275934E+00  -0.74349132E-14

mu_d2q
      1       1  -0.17919667E-13   0.13034895E-13   0.21624964E+00
      2       2   0.64102427E-14  -0.20929700E-12   0.40666377E-01
      3       1   0.45372768E-01  -0.11148611E-13   0.12095898E-12
      3       2  -0.45341900E-14  -0.63755247E-01   0.20055248E-12
      3       3  -0.15238647E-13  -0.14438562E-12   0.76923962E-01
      4       1  -0.93719852E-01  -0.39800103E-13   0.18185301E-12
      4       2  -0.43518340E-14  -0.28731569E-01   0.90731255E-13
      4       3   0.28148803E-14  -0.80143858E-13  -0.60451751E-01
      4       4   0.85927946E-14   0.13180309E-12   0.18006849E+00
      5       1   0.36312598E-02   0.15553536E-13   0.37030385E-12
      5       2   0.97719778E-14  -0.85685506E-01  -0.12683001E-12
      5       3   0.24650307E-13   0.76905238E-13  -0.25677739E-01
      5       4  -0.10912387E-13  -0.12827171E-12   0.21265502E+00
      5       5   0.14835370E-13  -0.19546635E-12   0.18615370E+00
      6       2  -0.52985792E-14   0.10590635E-11   0.80947018E-01
      6       3   0.89648348E-14   0.17100303E+00  -0.68930695E-13
      6       4  -0.75007668E-14  -0.36755447E+00  -0.38571885E-12
      6       5  -0.72079551E-15  -0.40272447E+00  -0.31338181E-12
      6       6   0.20538717E-13   0.13107065E-11   0.45999501E+00

mu_d3q
      1       1       1   0.10172106E+00   0.35222861E-17  -0.87675972E-16
      1       1       2   0.13754558E-17  -0.39722161E-01   0.56752558E-16
      1       1       3   0.66055868E-16   0.10949499E-15   0.76637562E-01
      1       1       4  -0.28963301E-16  -0.48009912E-16  -0.33603022E-01
      1       1       5  -0.31978380E-16  -0.53007742E-16  -0.37101096E-01
      1       1       6   0.38520809E-17  -0.11124529E+00   0.15894036E-15
      2       2       1   0.36736647E-01   0.12720766E-17  -0.31664252E-16
      2       2       2   0.11567464E-17  -0.33405994E-01   0.47728411E-16
      2       2       3   0.10040064E-15   0.16642529E-15   0.11648413E+00
      2       2       4  -0.97136242E-17  -0.16101419E-16  -0.11269680E-01
      2       2       6   0.41547580E-17  -0.11998639E+00   0.17142910E-15
      3       3       1   0.75551053E-01   0.26160997E-17  -0.65119378E-16
      3       3       2  -0.40053568E-17   0.11567179E+00  -0.16526467E-15
      3       3       3   0.89003555E-16   0.14753335E-15   0.10326131E+00
      3       3       5   0.42087110E-16   0.69764093E-16   0.48829174E-01
      3       3       6   0.18802440E-17  -0.54300078E-01   0.77580580E-16
      4       4       1  -0.13023787E-01  -0.45097353E-18   0.11225534E-16
      4       4       2  -0.15733929E-17   0.45438441E-01  -0.64919623E-16
      4       4       3  -0.23949381E-16  -0.39698778E-16  -0.27785907E-01
      4       4       4   0.98185346E-16   0.16275319E-15   0.11391396E+00
      4       4       5   0.74746146E-16   0.12390010E-15   0.86719963E-01
      4       4       6   0.60684436E-17  -0.17525223E+00   0.25038951E-15
      5       5       1  -0.32709726E-01  -0.11326368E-17   0.28193347E-16
      5       5       2   0.17289094E-17  -0.49929644E-01   0.71336376E-16
      5       5       3   0.49947045E-16   0.82792815E-16   0.57948217E-01
      5       5       4   0.41181553E-17   0.68263031E-17   0.47778554E-02
      5       5       5  -0.10015716E-15  -0.16602170E-15  -0.11620165E+00
      5       5       6   0.15222247E-17  -0.43960739E-01   0.62808375E-16
      6       6       1  -0.72367475E-01  -0.25058622E-17   0.62375371E-16
      6       6       2   0.10910664E-16  -0.31509203E+00   0.45018393E-15
      6       6       3  -0.24675626E-15  -0.40902610E-15  -0.28628491E+00
      6       6       4   0.28948475E-15   0.47985335E-15   0.33585821E+00
      6       6       5   0.37184399E-16   0.61637302E-16   0.43141084E-01
      6       6       6  -0.95129777E-17   0.27472787E+00  -0.39251412E-15

